Polygonization
14714 6346
14506 5702
14114 5270
13164 1620
13976 4810
14040 5266
13646 4274
13478 3900
13012 1984
13472 4098
12768 2018
12548 1916
12222 2922
12484 2478
12194 4824
12594 1956
12618 4024
12794 2504
13150 3468
12856 4100
12142 6044
12086 286
12134 6050
11378 4654
11306 3582
10992 2712
10972 4714
10834 2878
10726 2680
9598 2546
9076 3270
9396 3148
8942 5126
8724 2502
7278 458
7984 1918
7900 4160
6184 1264
7340 3600
6898 4956
7698 5844
7978 4148
8620 2510
8820 5444
9438 4002
9590 2628
9900 2896
9734 5854
9482 6322
5742 5432
5646 1908
5676 5520
5352 3064
4450 1530
3572 5708
2338 3634
1468 4428
624 4740
282 6698
1324 4564
590 7980
1892 4232
2886 8022
3494 6518
3588 5770
4284 3446
5276 3136
4690 5520
3946 9296
5228 4122
5620 6684
5716 5660
9778 6474
10006 3586
10204 4530
10702 3592
10910 4948
11290 4342
10750 6512
10642 5294
10618 6890
9194 7068
10778 6938
11306 4294
11500 6462
12154 6408
12426 5554
13014 4106
14180 5622
13018 5234
12674 5046
13854 5804
14304 5664
14386 6482
13138 6888
6518 8492
14640 6538
15164 5830
15004 5642
14948 6016
14714 6346 14506 5702
14506 5702 14114 5270
14114 5270 13164 1620
13164 1620 13976 4810
13976 4810 14040 5266
14040 5266 13646 4274
13646 4274 13478 3900
13478 3900 13012 1984
13012 1984 13472 4098
13472 4098 12768 2018
12768 2018 12548 1916
12548 1916 12222 2922
12222 2922 12484 2478
12484 2478 12194 4824
12194 4824 12594 1956
12594 1956 12618 4024
12618 4024 12794 2504
12794 2504 13150 3468
13150 3468 12856 4100
12856 4100 12142 6044
12142 6044 12086 286
12086 286 12134 6050
12134 6050 11378 4654
11378 4654 11306 3582
11306 3582 10992 2712
10992 2712 10972 4714
10972 4714 10834 2878
10834 2878 10726 2680
10726 2680 9598 2546
9598 2546 9076 3270
9076 3270 9396 3148
9396 3148 8942 5126
8942 5126 8724 2502
8724 2502 7278 458
7278 458 7984 1918
7984 1918 7900 4160
7900 4160 6184 1264
6184 1264 7340 3600
7340 3600 6898 4956
6898 4956 7698 5844
7698 5844 7978 4148
7978 4148 8620 2510
8620 2510 8820 5444
8820 5444 9438 4002
9438 4002 9590 2628
9590 2628 9900 2896
9900 2896 9734 5854
9734 5854 9482 6322
9482 6322 5742 5432
5742 5432 5646 1908
5646 1908 5676 5520
5676 5520 5352 3064
5352 3064 4450 1530
4450 1530 3572 5708
3572 5708 2338 3634
2338 3634 1468 4428
1468 4428 624 4740
624 4740 282 6698
282 6698 1324 4564
1324 4564 590 7980
590 7980 1892 4232
1892 4232 2886 8022
2886 8022 3494 6518
3494 6518 3588 5770
3588 5770 4284 3446
4284 3446 5276 3136
5276 3136 4690 5520
4690 5520 3946 9296
3946 9296 5228 4122
5228 4122 5620 6684
5620 6684 5716 5660
5716 5660 9778 6474
9778 6474 10006 3586
10006 3586 10204 4530
10204 4530 10702 3592
10702 3592 10910 4948
10910 4948 11290 4342
11290 4342 10750 6512
10750 6512 10642 5294
10642 5294 10618 6890
10618 6890 9194 7068
9194 7068 10778 6938
10778 6938 11306 4294
11306 4294 11500 6462
11500 6462 12154 6408
12154 6408 12426 5554
12426 5554 13014 4106
13014 4106 14180 5622
14180 5622 13018 5234
13018 5234 12674 5046
12674 5046 13854 5804
13854 5804 14304 5664
14304 5664 14386 6482
14386 6482 13138 6888
13138 6888 6518 8492
6518 8492 14640 6538
14640 6538 15164 5830
15164 5830 15004 5642
15004 5642 14948 6016
14948 6016 14714 6346
Algorithm: incremental, edge_selection 2, initialization 1a
area: 1.81889e+07
ratio: 0.197433
construction time: 393
