Polygonization
338 2004
392 2018
242 804
550 880
648 1408
434 1438
406 1500
374 1644
990 1558
728 1562
776 832
592 760
318 766
1174 390
1312 1192
1254 222
3872 30
3988 132
3910 152
3830 194
4622 72
12426 230
12176 546
12074 1446
11140 690
11440 1024
11710 1232
11554 1266
11056 1034
10260 670
11756 1462
10960 1942
11176 2008
12154 1444
11264 2168
10820 2590
10142 3120
10296 3330
10642 2900
10708 3574
10998 3592
11306 5304
11270 4364
10832 2584
12206 1402
12102 4298
12430 716
12374 6606
12244 4346
12228 4312
12300 7066
10508 6354
12010 7106
10972 7116
12246 7126
11884 7176
8276 7164
5956 7138
7554 6988
8338 6960
8016 6918
4528 7166
5536 6680
4758 6880
4578 7000
3720 7034
2040 6490
2020 5988
2080 5974
2636 5568
2686 5228
3094 4688
3252 4772
3040 4640
3884 3902
3866 3962
3732 4488
4226 4554
4392 4576
4314 4714
4266 4744
5822 6870
5890 6930
4362 4870
4498 4990
4632 5064
4338 4732
4456 4522
4668 4610
4522 4706
5064 5190
4702 4798
4806 4786
6654 6004
6600 6546
6730 5928
5072 4884
4736 4746
4698 4572
5054 4568
5416 5056
6354 5396
5618 5118
5776 5070
5722 4868
6224 4928
5606 4716
5582 4254
6270 3684
6230 4484
6406 3368
6790 4416
6456 3170
6070 3808
5620 4206
5460 4076
5752 3956
5812 3052
5830 2940
5948 2782
6088 2860
6798 3042
7134 3550
6918 3058
7884 3446
7394 4370
6618 4542
7208 4426
7552 4336
7696 3966
7598 4684
7698 4580
7750 4850
7358 4900
7878 4958
7248 6504
7748 5336
8474 5498
7706 6722
8618 5516
8610 5292
9998 5954
7994 4916
8870 4734
8294 4772
8556 4570
8004 4880
7770 4392
8208 4402
8064 4178
8498 4158
9228 4838
9384 5352
9322 4846
9946 5158
8612 4214
9426 4498
9026 4210
9640 3896
10212 4154
10330 4860
10502 5608
10216 4132
9672 3782
10392 1812
10750 1458
9782 1494
9714 1274
9860 1012
10010 712
10068 724
10048 698
9930 710
9482 1406
9792 1630
9404 1780
9168 1924
8910 1684
9164 1978
10456 1540
10016 2672
10000 2242
9696 3306
9388 2630
9354 2892
9406 3046
9132 2638
9628 2364
8606 2648
8792 3084
8758 2816
8942 2766
9584 3350
9214 3480
9518 3472
9634 3764
8708 4144
8320 3784
8410 4074
7748 4256
7850 3634
8056 3844
7920 3290
6398 2902
7888 2950
8610 3514
8422 3274
8706 3416
7854 2850
6104 2842
6044 2728
6330 2630
6544 2716
6452 2662
7058 2818
6510 2650
7772 2330
6682 2554
7090 2178
6828 2388
6938 2240
6690 2528
6378 2518
6260 2306
6670 2130
8032 1542
8868 1422
8234 1378
8972 1084
8450 1176
7922 1536
7202 1830
6740 2054
6744 1862
6708 1718
6802 1700
6918 1788
7266 1546
7584 1384
8108 920
7128 1568
7792 754
7540 266
7772 772
6934 1718
6962 590
7280 326
6878 474
6328 252
6182 160
6760 552
6788 1674
5744 1614
6678 1718
6180 2302
5442 2616
5126 2270
4534 2212
3958 2188
4808 2310
5146 2320
5292 2654
4502 2886
5416 2642
5798 2496
6236 2314
6334 2600
6262 2612
5866 2748
5674 2844
5574 2690
5612 2886
5850 2808
5690 3554
5498 3324
5508 2830
5498 2740
4966 2848
4826 2962
4444 2930
3456 2300
4364 2936
5010 2980
5448 2756
5490 3436
4998 3186
5490 3442
5552 3702
5656 3964
4588 3052
4774 3226
5116 3524
4302 3194
2990 2292
3918 2972
4398 3260
2780 2612
4666 3382
4792 3574
5096 3562
5228 3750
5336 3870
5518 3982
5154 4088
5418 4054
5568 4258
5594 4844
5226 4794
5112 4556
4606 4462
5138 4222
5182 4186
4470 4482
4754 3904
4388 4564
3978 4516
4062 4456
4272 4526
4378 4512
4250 4506
4224 4280
4324 4318
4206 4264
4310 3986
4158 4314
4160 4470
4008 4430
4208 3982
3962 4482
3824 4372
3884 4058
4008 4254
3938 3876
4860 3838
4940 3770
4538 3838
3806 3868
4332 3534
3704 3908
3618 3788
3662 3720
2396 2162
2206 2070
3560 1632
2882 1078
3442 880
3034 844
2816 914
2862 694
2666 684
2626 622
2514 752
2760 1030
2968 1176
3428 1544
3252 1568
2746 1674
2152 1888
1906 1330
2500 406
2470 412
2336 596
2354 416
2026 952
1862 1296
1760 1384
1342 1916
1598 1674
1354 1952
1866 1414
2136 2160
1860 2208
2146 2174
3384 3488
3636 3750
3372 4132
2912 4816
2924 4604
2476 3658
2842 4600
2336 4604
1930 4320
2210 4622
1486 4274
2144 4682
1844 4702
2698 4648
2686 5106
2270 5030
1954 5292
2088 5332
2354 5236
2202 5872
1650 5902
1336 5592
1106 5192
1282 5576
1592 5926
1734 6066
398 5004
338 2004 392 2018
392 2018 242 804
242 804 550 880
550 880 648 1408
648 1408 434 1438
434 1438 406 1500
406 1500 374 1644
374 1644 990 1558
990 1558 728 1562
728 1562 776 832
776 832 592 760
592 760 318 766
318 766 1174 390
1174 390 1312 1192
1312 1192 1254 222
1254 222 3872 30
3872 30 3988 132
3988 132 3910 152
3910 152 3830 194
3830 194 4622 72
4622 72 12426 230
12426 230 12176 546
12176 546 12074 1446
12074 1446 11140 690
11140 690 11440 1024
11440 1024 11710 1232
11710 1232 11554 1266
11554 1266 11056 1034
11056 1034 10260 670
10260 670 11756 1462
11756 1462 10960 1942
10960 1942 11176 2008
11176 2008 12154 1444
12154 1444 11264 2168
11264 2168 10820 2590
10820 2590 10142 3120
10142 3120 10296 3330
10296 3330 10642 2900
10642 2900 10708 3574
10708 3574 10998 3592
10998 3592 11306 5304
11306 5304 11270 4364
11270 4364 10832 2584
10832 2584 12206 1402
12206 1402 12102 4298
12102 4298 12430 716
12430 716 12374 6606
12374 6606 12244 4346
12244 4346 12228 4312
12228 4312 12300 7066
12300 7066 10508 6354
10508 6354 12010 7106
12010 7106 10972 7116
10972 7116 12246 7126
12246 7126 11884 7176
11884 7176 8276 7164
8276 7164 5956 7138
5956 7138 7554 6988
7554 6988 8338 6960
8338 6960 8016 6918
8016 6918 4528 7166
4528 7166 5536 6680
5536 6680 4758 6880
4758 6880 4578 7000
4578 7000 3720 7034
3720 7034 2040 6490
2040 6490 2020 5988
2020 5988 2080 5974
2080 5974 2636 5568
2636 5568 2686 5228
2686 5228 3094 4688
3094 4688 3252 4772
3252 4772 3040 4640
3040 4640 3884 3902
3884 3902 3866 3962
3866 3962 3732 4488
3732 4488 4226 4554
4226 4554 4392 4576
4392 4576 4314 4714
4314 4714 4266 4744
4266 4744 5822 6870
5822 6870 5890 6930
5890 6930 4362 4870
4362 4870 4498 4990
4498 4990 4632 5064
4632 5064 4338 4732
4338 4732 4456 4522
4456 4522 4668 4610
4668 4610 4522 4706
4522 4706 5064 5190
5064 5190 4702 4798
4702 4798 4806 4786
4806 4786 6654 6004
6654 6004 6600 6546
6600 6546 6730 5928
6730 5928 5072 4884
5072 4884 4736 4746
4736 4746 4698 4572
4698 4572 5054 4568
5054 4568 5416 5056
5416 5056 6354 5396
6354 5396 5618 5118
5618 5118 5776 5070
5776 5070 5722 4868
5722 4868 6224 4928
6224 4928 5606 4716
5606 4716 5582 4254
5582 4254 6270 3684
6270 3684 6230 4484
6230 4484 6406 3368
6406 3368 6790 4416
6790 4416 6456 3170
6456 3170 6070 3808
6070 3808 5620 4206
5620 4206 5460 4076
5460 4076 5752 3956
5752 3956 5812 3052
5812 3052 5830 2940
5830 2940 5948 2782
5948 2782 6088 2860
6088 2860 6798 3042
6798 3042 7134 3550
7134 3550 6918 3058
6918 3058 7884 3446
7884 3446 7394 4370
7394 4370 6618 4542
6618 4542 7208 4426
7208 4426 7552 4336
7552 4336 7696 3966
7696 3966 7598 4684
7598 4684 7698 4580
7698 4580 7750 4850
7750 4850 7358 4900
7358 4900 7878 4958
7878 4958 7248 6504
7248 6504 7748 5336
7748 5336 8474 5498
8474 5498 7706 6722
7706 6722 8618 5516
8618 5516 8610 5292
8610 5292 9998 5954
9998 5954 7994 4916
7994 4916 8870 4734
8870 4734 8294 4772
8294 4772 8556 4570
8556 4570 8004 4880
8004 4880 7770 4392
7770 4392 8208 4402
8208 4402 8064 4178
8064 4178 8498 4158
8498 4158 9228 4838
9228 4838 9384 5352
9384 5352 9322 4846
9322 4846 9946 5158
9946 5158 8612 4214
8612 4214 9426 4498
9426 4498 9026 4210
9026 4210 9640 3896
9640 3896 10212 4154
10212 4154 10330 4860
10330 4860 10502 5608
10502 5608 10216 4132
10216 4132 9672 3782
9672 3782 10392 1812
10392 1812 10750 1458
10750 1458 9782 1494
9782 1494 9714 1274
9714 1274 9860 1012
9860 1012 10010 712
10010 712 10068 724
10068 724 10048 698
10048 698 9930 710
9930 710 9482 1406
9482 1406 9792 1630
9792 1630 9404 1780
9404 1780 9168 1924
9168 1924 8910 1684
8910 1684 9164 1978
9164 1978 10456 1540
10456 1540 10016 2672
10016 2672 10000 2242
10000 2242 9696 3306
9696 3306 9388 2630
9388 2630 9354 2892
9354 2892 9406 3046
9406 3046 9132 2638
9132 2638 9628 2364
9628 2364 8606 2648
8606 2648 8792 3084
8792 3084 8758 2816
8758 2816 8942 2766
8942 2766 9584 3350
9584 3350 9214 3480
9214 3480 9518 3472
9518 3472 9634 3764
9634 3764 8708 4144
8708 4144 8320 3784
8320 3784 8410 4074
8410 4074 7748 4256
7748 4256 7850 3634
7850 3634 8056 3844
8056 3844 7920 3290
7920 3290 6398 2902
6398 2902 7888 2950
7888 2950 8610 3514
8610 3514 8422 3274
8422 3274 8706 3416
8706 3416 7854 2850
7854 2850 6104 2842
6104 2842 6044 2728
6044 2728 6330 2630
6330 2630 6544 2716
6544 2716 6452 2662
6452 2662 7058 2818
7058 2818 6510 2650
6510 2650 7772 2330
7772 2330 6682 2554
6682 2554 7090 2178
7090 2178 6828 2388
6828 2388 6938 2240
6938 2240 6690 2528
6690 2528 6378 2518
6378 2518 6260 2306
6260 2306 6670 2130
6670 2130 8032 1542
8032 1542 8868 1422
8868 1422 8234 1378
8234 1378 8972 1084
8972 1084 8450 1176
8450 1176 7922 1536
7922 1536 7202 1830
7202 1830 6740 2054
6740 2054 6744 1862
6744 1862 6708 1718
6708 1718 6802 1700
6802 1700 6918 1788
6918 1788 7266 1546
7266 1546 7584 1384
7584 1384 8108 920
8108 920 7128 1568
7128 1568 7792 754
7792 754 7540 266
7540 266 7772 772
7772 772 6934 1718
6934 1718 6962 590
6962 590 7280 326
7280 326 6878 474
6878 474 6328 252
6328 252 6182 160
6182 160 6760 552
6760 552 6788 1674
6788 1674 5744 1614
5744 1614 6678 1718
6678 1718 6180 2302
6180 2302 5442 2616
5442 2616 5126 2270
5126 2270 4534 2212
4534 2212 3958 2188
3958 2188 4808 2310
4808 2310 5146 2320
5146 2320 5292 2654
5292 2654 4502 2886
4502 2886 5416 2642
5416 2642 5798 2496
5798 2496 6236 2314
6236 2314 6334 2600
6334 2600 6262 2612
6262 2612 5866 2748
5866 2748 5674 2844
5674 2844 5574 2690
5574 2690 5612 2886
5612 2886 5850 2808
5850 2808 5690 3554
5690 3554 5498 3324
5498 3324 5508 2830
5508 2830 5498 2740
5498 2740 4966 2848
4966 2848 4826 2962
4826 2962 4444 2930
4444 2930 3456 2300
3456 2300 4364 2936
4364 2936 5010 2980
5010 2980 5448 2756
5448 2756 5490 3436
5490 3436 4998 3186
4998 3186 5490 3442
5490 3442 5552 3702
5552 3702 5656 3964
5656 3964 4588 3052
4588 3052 4774 3226
4774 3226 5116 3524
5116 3524 4302 3194
4302 3194 2990 2292
2990 2292 3918 2972
3918 2972 4398 3260
4398 3260 2780 2612
2780 2612 4666 3382
4666 3382 4792 3574
4792 3574 5096 3562
5096 3562 5228 3750
5228 3750 5336 3870
5336 3870 5518 3982
5518 3982 5154 4088
5154 4088 5418 4054
5418 4054 5568 4258
5568 4258 5594 4844
5594 4844 5226 4794
5226 4794 5112 4556
5112 4556 4606 4462
4606 4462 5138 4222
5138 4222 5182 4186
5182 4186 4470 4482
4470 4482 4754 3904
4754 3904 4388 4564
4388 4564 3978 4516
3978 4516 4062 4456
4062 4456 4272 4526
4272 4526 4378 4512
4378 4512 4250 4506
4250 4506 4224 4280
4224 4280 4324 4318
4324 4318 4206 4264
4206 4264 4310 3986
4310 3986 4158 4314
4158 4314 4160 4470
4160 4470 4008 4430
4008 4430 4208 3982
4208 3982 3962 4482
3962 4482 3824 4372
3824 4372 3884 4058
3884 4058 4008 4254
4008 4254 3938 3876
3938 3876 4860 3838
4860 3838 4940 3770
4940 3770 4538 3838
4538 3838 3806 3868
3806 3868 4332 3534
4332 3534 3704 3908
3704 3908 3618 3788
3618 3788 3662 3720
3662 3720 2396 2162
2396 2162 2206 2070
2206 2070 3560 1632
3560 1632 2882 1078
2882 1078 3442 880
3442 880 3034 844
3034 844 2816 914
2816 914 2862 694
2862 694 2666 684
2666 684 2626 622
2626 622 2514 752
2514 752 2760 1030
2760 1030 2968 1176
2968 1176 3428 1544
3428 1544 3252 1568
3252 1568 2746 1674
2746 1674 2152 1888
2152 1888 1906 1330
1906 1330 2500 406
2500 406 2470 412
2470 412 2336 596
2336 596 2354 416
2354 416 2026 952
2026 952 1862 1296
1862 1296 1760 1384
1760 1384 1342 1916
1342 1916 1598 1674
1598 1674 1354 1952
1354 1952 1866 1414
1866 1414 2136 2160
2136 2160 1860 2208
1860 2208 2146 2174
2146 2174 3384 3488
3384 3488 3636 3750
3636 3750 3372 4132
3372 4132 2912 4816
2912 4816 2924 4604
2924 4604 2476 3658
2476 3658 2842 4600
2842 4600 2336 4604
2336 4604 1930 4320
1930 4320 2210 4622
2210 4622 1486 4274
1486 4274 2144 4682
2144 4682 1844 4702
1844 4702 2698 4648
2698 4648 2686 5106
2686 5106 2270 5030
2270 5030 1954 5292
1954 5292 2088 5332
2088 5332 2354 5236
2354 5236 2202 5872
2202 5872 1650 5902
1650 5902 1336 5592
1336 5592 1106 5192
1106 5192 1282 5576
1282 5576 1592 5926
1592 5926 1734 6066
1734 6066 398 5004
398 5004 338 2004
Algorithm: convex_hull, edge_selection 3
area: 7.17534e+07
ratio: 0.880883
construction time: 102
